  -6.8185697e-01
  -1.6466584e+00
  -1.4528402e+00
  -7.2460809e-01
   8.5151045e-01
   1.6393953e+00
   1.9033775e+00
   5.8400209e-01
   1.1096952e+00
   9.1864304e-01
   1.5217874e+00
   1.0705889e+00
   8.1349438e-01
   5.2361989e-01
   5.6031553e-01
   2.1658372e+00
   3.4526613e+00
   1.8905855e+00
   1.3764127e+00
  -1.0083413e-01
  -5.3085214e-01
  -1.0262706e+00
  -1.0451371e+00
  -1.0375912e-01
  -1.7145151e+00
  -4.7701955e-01
   6.9263418e-01
   1.4261675e+00
   8.9491903e-01
  -5.9177087e-02
  -1.7515141e-01
  -2.5041812e-01
  -3.5457144e-01
  -5.0216873e-01
  -4.5145200e-01
  -5.7561300e-01
  -1.0132721e+00
  -7.5259803e-01
  -5.0810340e-01
  -1.2433589e+00
  -1.2131157e+00
  -2.0980815e+00
  -1.0708066e+00
   4.2666214e-01
   9.1083357e-01
   5.8997558e-01
   2.8267465e-01
   4.2941096e-01
  -7.9862392e-01
  -9.3832181e-01
  -6.1574289e-01
  -1.6912561e-01
   2.1399508e+00
   1.8212510e+00
   1.8449280e+00
   6.7267857e-03
   2.9630684e-01
  -2.4367526e-01
   2.4661867e-01
  -1.7719943e+00
   8.5523340e-02
   2.2545786e-01
  -3.2974015e-01
   9.4139191e-01
  -3.7206934e-01
  -1.4905251e+00
   3.2493100e-01
  -6.7125224e-01
  -8.3987559e-01
  -4.5926074e-01
   4.4555458e-01
  -1.4981626e+00
  -1.5306992e+00
  -6.7911599e-02
  -7.1303874e-01
  -1.1340655e+00
  -1.5271750e+00
  -4.4162409e-02
   7.8544422e-01
   1.5136433e+00
   2.1905216e+00
   1.2623336e+00
  -7.4872431e-01
  -1.7308710e-01
   1.9722212e+00
   1.3064246e+00
   7.4094906e-01
  -2.4947397e-01
  -4.1691465e-02
  -6.0841858e-01
  -1.8796040e+00
   2.0496465e+00
   4.7587907e-01
  -1.1871124e+00
   5.2976828e-03
   6.2854057e-01
   1.3655203e+00
   1.6495536e+00
   4.6073510e-01
  -8.6514779e-01
  -3.7288485e+00
  -2.3541398e+00
  -9.6589721e-01
  -6.6516176e-01
  -4.6399286e-01
   1.7690459e+00
   6.5664912e-01
  -5.1132173e-02
   1.8343656e+00
   1.8109882e+00
   2.8009744e+00
   1.9176003e+00
   7.1581512e-01
   4.3586723e-01
  -2.9440506e-01
  -1.0745175e+00
  -1.2392141e+00
  -8.2128877e-01
  -1.7381351e+00
  -5.2655342e-01
  -3.8003415e-01
  -1.7442903e+00
   1.2198306e+00
   1.9961002e+00
   1.0333175e+00
   1.4037865e+00
  -3.0864679e-01
  -5.3227144e-01
   4.2814298e-01
  -3.7028083e-01
   7.6559209e-01
   8.2173391e-01
   4.7158263e-01
   6.0299728e-01
  -3.5887720e-01
  -5.9756839e-01
  -5.8901589e-01
   1.9154645e-02
   5.2394127e-01
  -1.0236627e-01
   2.3719009e-01
  -1.0083925e+00
  -3.2388066e+00
  -3.2274760e+00
  -2.2483885e+00
  -1.9186610e+00
  -1.5001069e+00
  -7.6124319e-01
  -6.9155745e-01
  -2.5866910e-01
   1.7972030e+00
   2.6119891e+00
   1.6576832e+00
  -7.3417450e-01
   2.2394205e-01
   1.3003404e+00
   1.9786290e+00
   3.7635213e-01
  -1.8835120e+00
  -2.4917973e+00
  -3.6803110e+00
  -2.9970009e+00
  -1.4534814e+00
  -2.7091795e+00
  -2.1031095e+00
  -3.4936212e-01
   7.5514975e-01
   2.0862260e-01
   4.7059946e-01
   8.7109021e-01
   3.4548677e-01
   1.3062096e+00
   9.9515855e-01
   6.4025258e-01
   1.6241334e+00
   1.8630632e-01
   2.9242997e+00
   1.6952451e+00
   1.0684743e+00
   7.6545441e-01
  -1.0392523e+00
  -1.4301596e-01
  -9.9008459e-01
  -9.0603941e-01
  -3.2277617e-01
   6.2822586e-01
   4.7999992e-03
  -1.2875917e+00
   2.8454432e-01
   3.4805214e-01
  -1.1238838e+00
  -9.6160061e-01
  -6.5870951e-01
   4.2104769e-02
   7.0266553e-01
  -5.4855841e-01
   9.9265107e-01
   1.4703168e+00
   5.7740598e-01
  -2.5431877e-01
